1000
76 48
31 16
72 84
69 48
16 88
67 10
38 60
62 7
85 88
72 23
34 12
33 58
76 17
67 57
60 56
85 73
50 12
94 76
71 72
67 37
31 38
48 34
47 11
71 11
24 23
18 79
72 72
29 62
68 70
13 83
61 44
15 84
67 33
47 14
51 49
31 39
63 9
46 13
27 13
51 75
94 66
32 13
64 16
74 19
61 9
50 49
56 56
60 58
13 89
86 89
56 57
45 48
75 74
57 6
35 39
67 8
31 16
21 74
21 14
26 15
23 16
28 50
32 8
27 49
73 68
66 51
15 83
16 89
66 10
77 70
66 35
61 58
74 15
72 18
58 57
26 9
77 20
28 32
76 17
83 82
19 22
64 6
85 55
61 43
58 57
77 48
79 39
68 12
43 8
82 41
66 39
56 6
35 54
58 73
16 88
52 8
73 73
33 11
74 31
13 89
30 21
32 76
51 8
82 85
14 82
81 88
68 49
30 7
49 50
71 17
26 11
82 86
65 21
31 78
46 13
59 61
91 57
62 14
91 56
75 37
38 56
69 48
52 75
71 26
51 8
24 14
68 10
89 56
71 41
12 87
63 77
30 35
48 12
38 54
76 86
35 54
15 81
47 15
39 74
40 56
73 69
54 7
81 87
81 43
27 50
12 87
71 15
35 10
45 25
33 57
63 7
27 10
36 8
23 86
71 72
94 68
17 78
14 87
28 31
35 55
91 56
51 14
66 39
82 88
69 28
21 21
40 57
19 17
47 34
66 80
73 36
72 31
33 50
67 51
76 75
31 42
74 74
19 21
64 8
48 75
73 20
77 20
80 87
21 87
76 37
92 75
87 74
46 22
34 13
50 49
59 37
33 50
41 7
64 19
51 24
64 41
77 86
43 49
45 12
28 50
78 80
31 8
12 86
70 67
24 72
69 10
51 18
16 86
37 55
31 42
33 41
51 9
34 9
62 8
33 51
76 19
15 84
69 10
71 13
15 88
47 12
61 55
74 16
83 87
13 89
77 21
66 66
72 15
86 89
33 40
29 64
22 74
34 48
51 49
58 60
76 15
46 21
57 60
66 40
81 82
76 75
45 35
23 12
94 66
22 16
41 75
70 16
21 18
46 11
29 55
29 9
14 85
19 17
31 40
74 13
81 83
83 72
66 21
28 52
68 32
83 86
72 16
46 14
16 87
64 10
69 8
67 12
32 40
32 51
28 46
64 12
30 37
65 21
61 59
49 34
28 12
94 70
37 8
45 26
67 55
36 39
68 82
45 15
16 82
80 83
69 47
40 7
66 42
51 15
72 23
37 7
54 49
67 34
29 54
31 42
52 49
50 18
63 15
61 10
22 14
54 49
72 22
72 72
92 75
77 16
83 82
31 18
33 41
66 22
67 43
33 57
56 59
30 66
59 56
79 44
45 26
24 20
43 49
32 16
88 55
77 18
14 88
52 27
69 14
32 78
62 54
46 23
24 26
30 21
70 71
66 50
67 10
68 12
34 13
49 10
15 82
68 53
68 47
11 89
95 75
28 48
13 90
84 88
94 70
43 49
20 19
52 8
32 51
47 34
33 41
27 9
66 9
24 24
58 55
25 16
48 13
9 91
57 74
80 78
60 60
12 89
81 39
66 7
64 19
70 30
23 11
30 52
49 50
73 22
23 16
82 81
49 50
24 15
29 7
54 7
73 84
28 8
31 51
24 15
28 49
30 19
70 83
34 13
23 22
35 58
83 85
33 58
26 83
36 9
75 69
18 79
15 84
40 7
49 34
81 81
70 10
18 89
31 18
23 73
51 21
79 45
24 72
50 17
95 74
39 7
45 27
23 12
91 57
74 73
74 19
28 30
79 53
51 49
28 8
79 45
25 11
72 36
77 17
48 75
64 8
78 20
81 42
60 11
18 89
16 87
30 34
62 11
67 54
32 12
82 73
34 48
65 68
30 18
45 26
31 8
24 21
76 16
19 77
34 39
23 15
44 29
58 60
24 24
19 22
61 48
25 13
60 8
85 55
24 12
49 12
11 91
80 39
93 76
69 28
93 60
67 57
51 8
51 12
13 84
71 27
78 38
37 56
78 87
30 11
54 48
12 88
23 86
94 71
38 37
67 35
27 12
67 57
25 14
22 15
72 34
63 57
31 68
61 59
51 25
26 15
91 57
47 17
67 34
35 60
30 79
61 38
91 75
85 87
22 18
74 17
37 38
46 49
64 19
62 58
21 16
34 11
38 54
26 9
66 7
12 87
34 39
94 65
24 24
33 75
29 69
80 39
30 18
30 12
45 10
20 75
37 8
77 87
79 78
29 59
80 40
76 48
85 85
60 56
72 40
50 11
23 14
25 71
26 18
62 59
25 19
61 45
69 66
13 91
86 89
31 7
31 8
61 13
68 50
14 87
53 31
71 12
72 33
35 45
30 44
27 29
67 38
24 13
64 6
61 13
78 80
77 52
67 63
24 10
37 60
29 64
83 41
54 48
74 16
24 19
71 10
69 67
63 9
69 14
25 11
17 80
60 56
22 74
16 83
21 75
59 56
53 75
38 73
23 21
20 21
77 86
11 90
9 90
68 44
66 66
24 14
55 7
66 50
65 79
36 9
45 12
35 73
73 36
34 55
36 55
65 39
67 34
49 10
51 23
29 57
67 7
35 47
27 9
73 33
57 54
68 45
45 25
19 88
89 56
32 10
24 25
33 11
53 48
92 58
34 58
35 55
83 85
30 44
74 13
34 39
74 20
31 38
80 78
37 61
29 69
17 79
46 13
57 60
40 7
29 45
62 12
32 43
69 66
15 81
68 54
85 86
67 58
27 70
30 52
93 64
81 84
83 86
92 75
15 85
57 7
83 83
29 22
37 61
66 68
22 17
77 77
42 75
63 12
84 55
32 51
70 17
62 7
29 60
94 67
39 54
68 8
30 35
83 82
71 42
62 10
52 26
81 85
50 12
90 75
59 61
65 51
70 67
26 71
94 75
15 84
85 88
68 52
30 51
30 11
47 49
61 56
37 38
26 9
76 15
57 54
24 12
16 80
40 56
76 37
20 19
76 18
34 59
23 22
60 54
82 42
59 54
41 7
67 80
73 14
79 45
77 19
32 51
11 86
69 10
83 54
38 60
28 52
22 16
47 13
19 20
46 10
30 11
93 63
36 56
47 75
74 32
61 60
70 9
76 19
86 88
34 10
71 34
84 84
80 86
39 57
73 36
65 42
30 21
76 20
60 11
21 87
73 72
31 16
65 50
62 57
18 77
60 56
33 14
29 58
69 82
23 20
81 39
51 8
51 23
48 49
65 78
15 86
23 85
86 74
81 43
21 19
70 71
66 21
68 82
17 81
49 49
32 14
59 60
49 13
34 13
34 9
47 10
94 70
32 13
72 40
70 13
29 51
73 72
65 9
59 55
61 11
76 52
48 12
81 54
27 82
20 18
85 74
31 41
24 85
13 86
24 20
29 69
72 22
58 37
78 80
81 43
69 33
20 21
86 88
62 12
21 19
80 84
70 13
60 55
66 23
14 82
25 13
39 58
68 55
16 89
72 19
83 84
65 19
78 47
67 81
68 47
38 73
80 80
30 65
75 86
52 75
34 60
11 87
14 89
51 18
65 68
78 19
74 16
67 54
71 34
38 55
65 78
73 16
80 39
73 68
39 56
85 86
29 51
62 9
64 9
48 12
60 8
61 47
81 54
31 52
31 18
84 87
13 89
70 10
83 82
64 42
80 39
51 13
82 54
25 10
48 54
58 55
37 37
46 24
46 24
32 77
50 75
94 65
44 28
28 9
76 48
30 37
61 57
46 11
84 83
68 8
80 72
24 14
62 9
72 20
70 14
47 35
15 87
20 20
62 56
62 54
68 11
80 86
41 7
83 85
36 58
51 20
75 74
43 8
49 49
29 32
24 26
35 11
26 11
79 87
64 51
86 88
32 15
54 75
43 49
93 65
60 11
77 86
58 8
35 8
30 18
46 22
38 56
31 7
37 57
30 36
67 43
68 70
24 21
46 10
32 51
23 14
34 56
78 46
30 10
67 8
62 38
62 44
92 75
26 14
19 16
64 41
67 80
48 12
34 8
69 43
63 40
79 80
33 13
68 10
63 40
82 87
27 29
31 9
65 41
34 73
45 28
64 42
76 52
64 8
60 37
53 49
29 80
28 30
73 84
85 86
72 25
81 72
71 34
78 77
71 83
25 13
67 54
75 14
73 31
26 70
49 14
34 39
31 43
29 65
80 71
72 23
22 74
69 48
67 63
10 88
69 29
33 50
64 11
55 7
68 53
28 81
72 15
73 14
68 8
73 21
73 16
75 16
59 57
94 76
28 9
13 83
65 7
64 16
79 44
17 80
68 50
52 26
82 41
56 57
39 56
34 55
33 8
72 16
80 85
92 75
62 55
60 38
77 53
71 11
65 18
60 59
10 91
48 49
75 70
67 9
90 75
66 64
61 46
76 48
30 35
64 51
63 77
64 41
31 11
81 54
