200
599.85 290.58
599.41 281.16
598.67 271.77
597.63 262.40
596.31 253.07
594.69 243.79
592.78 234.56
590.57 225.39
588.09 216.30
585.32 207.29
582.26 198.38
578.93 189.56
575.33 180.86
571.45 172.27
567.30 163.80
562.89 155.47
558.22 147.29
553.30 139.25
548.12 131.37
542.71 123.66
537.05 116.13
531.15 108.77
525.03 101.61
518.69 94.64
512.13 87.87
505.36 81.31
498.39 74.97
491.23 68.85
483.87 62.95
476.34 57.29
468.63 51.88
460.75 46.70
452.71 41.78
444.53 37.11
436.20 32.70
427.73 28.55
419.14 24.67
410.44 21.07
401.62 17.74
392.71 14.68
383.70 11.91
374.61 9.43
365.44 7.22
356.21 5.31
346.93 3.69
337.60 2.37
328.23 1.33
318.84 0.59
309.42 0.15
300.00 0.00
290.58 0.15
281.16 0.59
271.77 1.33
262.40 2.37
253.07 3.69
243.79 5.31
234.56 7.22
225.39 9.43
216.30 11.91
207.29 14.68
198.38 17.74
189.56 21.07
180.86 24.67
172.27 28.55
163.80 32.70
155.47 37.11
147.29 41.78
139.25 46.70
131.37 51.88
123.66 57.29
116.13 62.95
108.77 68.85
101.61 74.97
94.64 81.31
87.87 87.87
81.31 94.64
74.97 101.61
68.85 108.77
62.95 116.13
57.29 123.66
51.88 131.37
46.70 139.25
41.78 147.29
37.11 155.47
32.70 163.80
28.55 172.27
24.67 180.86
21.07 189.56
17.74 198.38
14.68 207.29
11.91 216.30
9.43 225.39
7.22 234.56
5.31 243.79
3.69 253.07
2.37 262.40
1.33 271.77
0.59 281.16
0.15 290.58
0.00 300.00
0.15 309.42
0.59 318.84
1.33 328.23
2.37 337.60
3.69 346.93
5.31 356.21
7.22 365.44
9.43 374.61
11.91 383.70
14.68 392.71
17.74 401.62
21.07 410.44
24.67 419.14
28.55 427.73
32.70 436.20
37.11 444.53
41.78 452.71
46.70 460.75
51.88 468.63
57.29 476.34
62.95 483.87
68.85 491.23
74.97 498.39
81.31 505.36
87.87 512.13
94.64 518.69
101.61 525.03
108.77 531.15
116.13 537.05
123.66 542.71
131.37 548.12
139.25 553.30
147.29 558.22
155.47 562.89
163.80 567.30
172.27 571.45
180.86 575.33
189.56 578.93
198.38 582.26
207.29 585.32
216.30 588.09
225.39 590.57
234.56 592.78
243.79 594.69
253.07 596.31
262.40 597.63
271.77 598.67
281.16 599.41
290.58 599.85
300.00 600.00
309.42 599.85
318.84 599.41
328.23 598.67
337.60 597.63
346.93 596.31
356.21 594.69
365.44 592.78
374.61 590.57
383.70 588.09
392.71 585.32
401.62 582.26
410.44 578.93
419.14 575.33
427.73 571.45
436.20 567.30
444.53 562.89
452.71 558.22
460.75 553.30
468.63 548.12
476.34 542.71
483.87 537.05
491.23 531.15
498.39 525.03
505.36 518.69
512.13 512.13
518.69 505.36
525.03 498.39
531.15 491.23
537.05 483.87
542.71 476.34
548.12 468.63
553.30 460.75
558.22 452.71
562.89 444.53
567.30 436.20
571.45 427.73
575.33 419.14
578.93 410.44
582.26 401.62
585.32 392.71
588.09 383.70
590.57 374.61
592.78 365.44
594.69 356.21
596.31 346.93
597.63 337.60
598.67 328.23
599.41 318.84
599.85 309.42
600.00 300.00