180
207.6338165941993 534.0392253148086
216.88355972281317 530.9286633769256
224.29991124889057 524.2495668347262
231.51641037722283 517.3134297449526
238.64136592769526 510.28728775264926
245.70240368728264 503.2131708757832
252.73390131624438 496.1064448227977
259.7676225260119 488.9947389888461
266.79712548252576 481.88729817697583
273.8322311737889 474.77419251143635
280.86726196425434 475.36437611657766
287.8905776403147 482.4655586396833
294.9321015902701 489.58515131012155
301.95223898147617 496.6831203110245
308.99676596484437 503.80391506120304
316.047927747382 510.8960426656315
323.14493939492496 517.9354760229847
330.3666949310234 524.839304298633
338.03556013744895 531.2581538396685
347.36199315472527 534.0821684648
356.24585454317435 529.8239720919015
363.74100786894235 523.2012896130601
370.89214593063974 516.204754232832
377.92239364758666 509.10074418989177
384.91355274143564 501.9442870863366
391.87883893808964 494.7837248971437
398.8582704404096 487.60808146704636
405.82984750313335 480.4405132874718
412.80192271131904 473.2724329581308
419.7703476323727 475.8218845570261
426.7474360908258 482.9854814057758
433.73268677680363 490.1574586710449
440.7245398450284 497.31281265509904
447.78939962105494 504.38984981340286
455.0497110624293 511.2545174022351
463.53540755770996 516.1794910580811
473.3810189670182 515.203082913413
481.3159790966905 509.3929504111155
483.12179711749116 499.59963408975597
483.619646491751 489.62344608977213
483.8486095690726 479.62272472473416
483.96744212688395 469.62227107946933
484.02975752259374 459.61845431681445
484.0594581803772 449.63071315144674
484.06918588076036 439.62968846279085
484.0661515932215 429.62888920137596
484.05485837415716 419.62487572405513
484.03827126491706 409.63365269088837
484.01833348561144 399.6272220836241
483.99646765617155 389.6252578405954
483.9736641645986 379.6268630013291
483.9506264223967 369.625356411816
483.92789765342076 359.6272275391364
483.905860073207 349.62807637122506
483.88444697790067 339.62472265654424
483.8625431738776 329.6258971190176
483.8398331975972 319.62593986051735
483.81604012944604 309.6249431395108
483.7908074955028 299.62406848136754
483.76367759336097 289.62875450269695
483.73397528929155 279.62470054036874
483.700834881123 269.6164272372764
483.6630937939782 259.62331763375266
483.6188378837285 249.61634490135896
483.5654426496958 239.62459491019928
483.4983092562393 229.62235609598005
483.40968284752546 219.62378108357046
483.2842035076546 209.6306533463641
483.0851594105178 199.6248300871576
482.6942831722287 189.64600930016093
481.49335382386886 179.7245486022561
479.4427382155526 169.93223797476276
477.0211596190751 160.22886334031395
474.2085973226875 150.63826700550868
470.98090636972245 141.16649746993852
467.33148688535596 131.8627738234456
463.24008618257176 122.7274450721965
458.7155503180588 113.81526469513875
453.76051048500784 105.14683655015111
448.3651825937442 96.7132423849845
442.56680480079837 88.56823740551569
436.38584231612333 80.72146327251943
429.8267865586725 73.15641716457529
422.9516548080986 65.91495450270946
415.74662819962236 58.96912305056209
408.24153235364884 52.36669640366979
400.43667482438127 46.118574079221915
392.3478201435261 40.24725556067026
383.9798627484091 34.765171860815414
375.3638133428426 29.69931718415912
366.5070473996398 25.058636103133935
357.4306158566595 20.858029202320594
348.15686814296026 17.109813467646337
338.7093156523794 13.823641822588275
329.11249093731493 11.006432476761493
319.4063665186865 8.665448562418526
309.57761583710067 6.800308717023281
299.66802868708 5.43154050370307
289.71640367663895 4.560212281512936
279.7238934564453 4.182507451537752
269.7104505682646 4.297616055205662
259.7336309726871 4.901511306067112
249.79469979057654 5.990358168756112
239.91367813680495 7.560566590261017
230.12889396275347 9.60425904257836
220.45976206646213 12.115191587894296
210.9076075092128 15.093210571504567
201.50981734713199 18.52785149880187
192.30252852625634 22.405207872155533
183.2864032510886 26.725262205483705
174.49629920189173 31.47253200364924
165.92221526693916 36.64966728286772
157.60883182298386 42.20812111939797
149.61343286521634 48.20819838777459
141.98096017769873 54.64135354551632
134.6476049453163 61.45750515609217
127.57885365202642 68.53955479944784
120.82383955845992 75.89254743153377
114.39951765250535 83.55952996199709
108.35185900041415 91.52704886231534
102.7163445972154 99.77912072429154
97.5051968932739 108.31885098193814
92.7434522980923 117.11223382000642
88.43379506688339 126.14240149207403
84.5823179374491 135.36231928010216
81.16774745750928 144.76756860126497
78.18335856593336 154.29705889368523
75.53405223132475 163.94379772221805
73.21014153699494 173.66264452247606
71.92594866422995 183.5844196626357
71.31356719256829 193.56282887919411
70.98140383327564 203.5466699949353
70.77950597601965 213.56073083513652
70.64782033598925 223.56060117302337
70.55710683726431 233.54166998916642
70.4915019581728 243.55273735167398
70.4423668474701 253.5496508490652
70.40405654633831 263.54074392730735
70.37288689084271 273.54922003052064
70.34652840071941 283.5429043549221
70.32323074601463 293.54242831794676
70.30179103600855 303.55079454902375
70.28137303424907 313.55216486561864
70.26134061483478 323.54406356851604
70.24116678373485 333.5522113254859
70.2205368898837 343.55557724031394
70.19915348712927 353.54134221478483
70.17685881132783 363.55846124033627
70.15409403156099 373.55490059310426
70.13126551409803 383.54734717768804
70.10893552204814 393.55136354679036
70.08797468315728 403.5417811854368
70.06945159524682 413.5486747213333
70.05501912549057 423.5411982489692
70.04694857502608 433.5527820432582
70.04873029725944 443.54834845187736
70.06572625544935 453.54013552392485
70.10690563537526 463.5461712191538
70.18811711140678 473.5434032715699
70.34140621688843 483.5409848951493
70.64489571300888 493.5338748999097
71.38395381717467 503.5131702316901
75.49347509423828 512.1736380224609
84.5187128846687 516.1745432477388
94.28950125014394 514.9987023634476
101.95910765227462 508.60237504317394
109.1113306811012 501.6276332065082
116.14782700665515 494.50260700315874
123.11698222174616 487.3504988488362
130.09934194401234 480.18148982722033
137.0759890394786 473.01834613977434
144.05163825856107 476.0871705576905
151.02261766771272 483.25412428192936
157.9955745837885 490.42311110650945
164.97312326143663 497.5968187803088
171.94788796994683 504.75641415390965
178.95678814071363 511.8759772439213
186.04094902979125 518.9429589557881
193.2491283294538 525.881643980496
200.94145410549413 532.2165008596224