205
129.67555641095072 310.68521845422686
136.74072414048712 317.7598584682792
143.81291739506818 324.82495857761796
150.8921349827245 331.88051878224314
157.99320784380285 338.9412697105408
165.0864852107222 345.97773014777897
172.19421409776777 353.01199602087956
179.30897723922607 360.0367020208687
186.43821891065272 367.05917349904774
193.5670543209889 374.06474976339564
200.70292039734693 381.06076615463195
207.85328346078967 388.0545180453658
215.01068949338784 395.0386900737136
222.17513729567534 402.0132822396755
229.34662566818616 408.97829454325137
236.54014726192517 415.9482376994938
243.72572786869807 422.89407027858493
250.86477190282204 429.9046338874698
257.83509154621726 437.0595712112636
264.76558767375434 444.2747715408057
271.64356423839956 451.5372923716754
278.4690230758399 458.8471337038726
285.2419660217625 466.20429553739723
291.9623949118544 473.60877787224945
298.63031158180274 481.06058070842926
305.2457178672946 488.5597040459364
311.8086156040171 496.1061478847712
318.31900662765725 503.6999122249335
324.7652411762997 511.3271117362976
331.17071939338274 519.015431353569
337.51223485298743 526.7370148462504
343.8128075929656 534.519889740631
350.0030883190632 542.3754510505869
356.0039342949391 550.3747551355731
361.82875740742685 558.4896563486591
367.49181551074986 566.7414487420851
372.97104437857865 575.0987401103529
377.35063909912105 583.8203125
371.00624666263906 591.5049047737122
364.47104610636086 599.0766894416809
357.90099307205526 606.6206303596497
351.29609927847235 614.1367275276184
344.6693785917192 621.6103825886846
337.9949064269914 629.0708466389775
331.29876661040856 636.4889772408009
324.56796864483294 643.8793727510572
319.18031320834064 652.2968304438609
315.1683835437382 661.4367253413033
312.5477951765731 671.0846186197848
311.58497698448264 681.0072777833939
312.4862457590178 690.9635706329345
314.30503927344 700.7782083482742
317.0524208672866 710.3981693878175
320.6917457424486 719.7078684272766
325.39498381657154 728.5153697639033
330.88823762819266 736.8695281808665
336.05104229354856 745.417356388092
341.0559831053866 754.0708050511228
346.8506420204923 762.2284647705271
352.99435603380203 770.127674849987
360.17194950640203 776.3869242095947
363.48482215106486 767.4040274390579
362.8809966412606 757.4155778407036
361.91366573584094 747.4650235770939
360.83315927809474 737.527044152081
359.6714972076416 727.601466307044
359.8525950965881 717.6211556176096
366.03846578121187 710.0112011564843
373.3708960168362 703.2029705170592
381.2316139984131 697.0196294535324
389.58943359375 691.5272700500489
398.3855105817318 686.7829478966476
407.5476722066403 682.8197295911338
417.02945874023436 679.6354733490944
426.73733006286625 677.224790415816
436.61047161856004 677.3444969605534
446.50039804887854 678.7858064982884
456.3923758244823 680.3198129679848
466.24754477541893 681.9403533454612
476.1046875049943 683.6536682215458
485.9775993238589 685.2363143550803
495.9455163190614 685.9888453999633
505.94040438003503 686.4232391890528
515.9389656918913 686.5351518848702
525.9295661774286 686.3227833631929
535.9235871499499 685.7842149046203
545.8865579448373 684.9207477743313
555.8071137109846 683.7350637194589
565.6853749408077 682.2294083009089
575.5214620129785 680.4060218235393
585.0415347862244 677.3681039410978
594.5067803227902 674.1491296001149
603.9922512280941 671.0171476783624
613.5162759053708 667.9667275764907
623.209040223891 669.5451395130158
632.8501578837484 672.1674813308716
642.43615249498 675.0147915973663
651.9539730223939 678.0827197533845
661.3908699655086 681.3656884231568
670.7104175071717 685.0179108207442
679.4372138023376 689.8586121891567
687.4846542816163 695.7956148023288
694.6388303070069 702.7594848906267
700.7913452720643 710.644623935899
705.8731094121933 719.2507918177558
706.1596065706619 729.2154258199325
706.1580940834315 739.2155152484148
705.9881549734863 749.2077144217697
705.6492094970082 759.2047475218441
705.1413237144839 769.1939556920637
709.8396144801751 777.3823995513916
717.3380953046828 771.4068724327087
723.0633145837998 763.272250850899
727.8613459119954 754.5029918071941
732.3342738040558 745.556789943133
736.4693683223746 736.4511715171382
740.2568176269606 727.2048435756715
743.6966123604775 717.8177874040604
746.7856710827388 708.3000875599903
749.5169582699955 698.6829219112635
751.8948333185333 688.9680408875234
752.3277312660217 678.9841589355469
751.3425566041908 669.0489877424241
748.9635570506053 659.3401187467575
745.2694931610934 650.059160242796
739.5361046734981 641.8694856812954
733.4213104781118 633.9627477636338
727.0016049909592 626.2909506225586
720.3013556181286 618.8869108800889
713.306067195988 611.736396561563
706.0440973445056 604.8684158386588
698.5171362174749 598.2813360443115
690.7430527101724 591.9861304559112
682.643316523487 586.1305874491063
673.8756472378968 581.3538525590301
664.5061180483847 577.8302090803609
654.7788060735807 575.6201921499201
644.956093940735 577.1433533517737
634.9835054397583 576.5880772643256
631.8877834649226 567.4036737542292
632.7615818566177 557.5165559530258
635.5472657708556 547.9210452878475
638.8152534447883 538.4708783299923
642.3256829660479 529.1215011569261
644.3207862445261 519.3218700619936
645.7713604068238 509.4354236149788
646.6711507529475 499.4726599293947
647.0161159015795 489.4776133198738
644.7293628692628 480.0178291320801
635.5643405065805 477.15749893307685
625.5790902558042 476.79917512059217
615.594727196293 477.44546444416045
605.7795901853992 479.2925059435321
596.1020138643175 481.77248312214914
586.5061436876572 484.6123408011712
577.0297255821228 487.80934325790406
569.3877297214448 481.80542660073024
561.7345490094772 475.370605450849
553.9645348251872 469.07253021036854
546.0772692198683 462.9117501722433
538.0929967676624 456.9040721967665
530.0016562737959 451.0414841733251
521.7926358882431 445.3167201947756
513.4870062564688 439.74446769635426
505.0851751473114 434.3241570253701
496.5875498384511 429.05521932726606
487.96686781772405 423.9983439635038
479.23675956529235 419.12294583785535
470.45775704069746 414.32053018902985
461.6426730075244 409.59832561227677
452.7915083274865 404.9563321075961
443.89118704796476 400.38791000097245
434.9546808098182 395.8999347078726
425.9819904785617 391.49240622829643
416.9598808619231 387.1590389328003
407.91477188831004 382.91252203747626
398.82013917973313 378.7404024135992
389.6892196633071 374.6489656906128
380.5354627026077 370.6440251502693
371.34552684569513 366.7195314234495
362.1058583699063 362.8699071428105
352.8435142720507 359.1064250002429
343.54499387579557 355.42338967119906
334.2240117662104 351.8260246514082
324.85319441095515 348.3037649922073
315.4738427208521 344.8719278280437
306.04465750850534 341.51519602447
296.59333180678766 338.2434278246686
287.1200251193848 335.05627039477224
277.61086569423617 331.94885359179233
268.07786098551753 328.9090797941139
258.5255787456036 326.0009916415886
248.90419793576 323.2740490640248
239.23031786625089 320.73455090356487
229.50375122956933 318.3835100397756
219.74140874974432 316.2255447419392
209.94329042677583 314.2606570525905
200.09217281073333 312.4859205199389
190.2224402562976 310.9075317323675
180.31693185871842 309.5222266844597
170.39305870346726 308.331923230773
160.43353468608856 307.33403305615764
150.4734313928336 306.53104366886134
140.4955243896693 305.92003386449073
130.50882988135146 305.500286816936