1255
299.7303709456254 342.9162148788446
148.07685657822284 539.3828755717518
341.9241103717097 564.6701947251811
191.73679713269988 470.2287703885129
229.49165914374896 574.621376126896
582.26 401.62
240.07719015117527 159.24765850791732
229.49165914374902 25.37862387310384
567.3 163.8
174.13808483506662 157.16040854826934
483.87 62.95
328.38625921919254 524.4175350927171
202.92377617007284 490.48208176991596
386.506904557882 141.5068679112282
441.2643640465775 460.26482797643007
385.97521223832405 117.21139436599266
258.29982870237603 443.2282279151814
452.71 558.22
33.22461289595425 325.2192700706031
277.4701201128316 538.2772101434858
66.40241200487522 247.8084384003297
474.3390685721901 444.0880463735333
390.7695158477105 47.88194031012053
258.2998287023913 156.77177208478236
178.19501652147343 506.00700900804947
91.32068515486718 253.42707103000544
249.27790676419582 452.17325319325374
430.9343185460943 423.9091243167524
162.00765629447696 404.1523551713974
271.77 598.67
74.80780366869531 381.08439067926975
431.00276656180836 469.1766367078543
384.862972257019 103.75089825200317
385.97521223832126 482.78860563400775
483.09003737260366 433.07460932784977
460.26482797643007 441.2643640465775
355.3538264960685 170.38745046649862
537.05 116.13
183.0640674476641 451.78207350917546
116.0311113491401 191.29179392757285
377.50680331282643 452.43081022602576
231.35409322159623 445.9496495426091
406.41425995938476 545.9328415371343
337.4609002353437 63.58085410616776
285.09193710499045 152.28209653813224
308.6347786421488 140.26217941124452
272.55643900784054 398.4431687352775
372.3319796660829 184.74817028457696
86.29503069663193 293.330729929396
252.54620902607718 51.21539067214985
136.94146193938843 347.350353069422
126.63518312645782 115.39756714399454
408.10403959317773 457.5464724491893
98.41752607042721 312.60564940262867
124.63082549013448 224.27310099356473
35.329805274818945 341.9241103717097
212.38892810406327 30.344175235817154
395.0402186485803 80.31922073629929
136.2502180198869 180.8331865759435
112.04581032330762 225.57436021275606
163.13757193387875 270.63591256003485
64.5232952229101 393.2353318553216
497.93171353366193 434.5968626255016
422.004468000912 521.9357617505566
371.24605699487756 381.04657617343446
126.63518312645773 484.60243285600546
117.21139436599265 214.02478776167587
230.10088407684614 84.87666456233464
545.2941283806883 237.024977431247
408.2632028672992 470.2287703885127
536.4191458938325 262.5390997646564
177.995531999088 521.9357617505566
479.5133211296493 141.7479689190325
161.84346945994662 369.2355653077541
119.27962535348894 518.4653111370499
511.75208398337503 464.2334734266173
470.20459009707776 213.26811801087686
381.08439067926975 74.80780366869531
515.1233354376652 230.10088407684586
362.46556752121205 492.0916390541702
529.3867728463251 133.33690121989378
86.74752891257931 408.6703286501937
160.4192952157901 186.34549277600155
574.621376126896 370.50834085625104
59.14252570745143 378.25321568781004
407.8174480228326 529.1418198343125
329.36408743999215 163.13757193383498
451.0275926877681 396.710618210162
218.91560932072986 525.1921963313049
101.61 74.97
401.62 582.26
588.09 216.3
333.5084080666747 511.21312283636513
530.6447961552707 163.60536724458547
240.21664248939342 450.9054190581036
70.61322715367486 466.6630987801063
352.19156159967 533.5975879951245
401.62 17.74
221.74678431218982 59.14252570745144
139.7351720235693 158.7356359534224
87.21522307549532 279.8641513124176
413.65450722399925 160.4192952157859
470.2287703885127 408.2632028672992
487.95418967669394 374.4256397872456
578.51486977595 353.12793032464094
234.56 592.78
292.4938199529312 539.2370435385019
241.55372881910807 38.48375409715379
358.4631563751633 460.5359082659648
348.3291426886608 167.32584101996966
374.7594127521878 557.327200891079
151.11070365968123 95.08968146102455
149.09458094193613 359.78335751059524
446.6890045668942 110.8074345736282
330.1069928495513 488.7990166614559
122.84810690798442 397.2516242503205
105.91172770881926 506.68081095200176
598.67 328.23
506.0070090080495 421.80498347852654
224.27310099356473 124.63082549013448
393.2353318553216 64.5232952229101
447.0156293130477 192.47212984684577
404.1523551713974 162.00765629447696
148.79236551272317 451.20763448727706
203.28938178983753 148.9724073122411
376.75672919632194 136.74371252775154
255.52200887519206 474.65938625234884
131.18406916527485 283.77175853830806
163.8 32.7
51.21539067214985 347.4537909739228
434.05327156522344 200.04011812953732
116.13 62.95
473.3648168735423 484.6024328560053
281.9751440362306 110.13286754113021
530.6447961552707 436.39463275541453
147.29 41.78
135.84597507781143 203.23818657594194
143.13600861658824 367.46350524777813
330.09768874430614 460.43519079411357
341.7001712976325 443.22822791518087
60.762956461498234 307.506180047069
93.31918904799818 105.91172770881927
561.5162459028461 241.55372881910813
101.74520470354094 191.03709815853261
135.1434323530505 454.8648551049574
160.4192952157859 413.65450722399925
131.37 51.88
99.00387791094822 122.80135306230821
216.3 588.09
563.6222349256967 404.3784439517739
172.50085532793307 371.1456444798699
279.86415131241733 512.784776924504
365.44 592.78
160.3464039813852 398.6447819801083
213.26811801087686 470.20459009707776
289.02218978818485 120.17067035101385
468.1083074503357 366.5742264206082
147.29 558.22
227.53929855377515 501.14064077891373
566.7753871040456 274.7807299293969
215.13702774298164 496.2491017479983
222.49319668716532 147.5691897739547
164.30056973466844 86.20137328474475
195.8476448286129 162.00765629448009
147.5691897739547 222.49319668716532
370.508340856251 25.37862387310384
61.24747280504366 421.6573053412482
109.10873103256591 421.2075120281286
308.41309002353444 567.8341435475159
101.36798814979969 337.8463264296165
426.3767527567433 411.2938256372362
461.4011239395332 104.85406658885006
110.13286754113014 318.0248559637694
287.3943505973725 501.58247392957173
354.4929161495252 162.77309111246586
335.53618004706874 18.70467505076899
262.15367357038565 498.63201185020114
538.7525271949563 421.65730534124816
337.8463264296165 101.36798814979969
225.2405872478123 42.672799108921
436.2 567.3
47.8819403101205 209.23048415228942
458.25203108096724 120.48667887035046
30.344175235817154 212.38892810406327
415.2518297154131 372.3319796661074
80.9058692729949 356.2314414868387
483.9688886508604 191.29179392757163
439.5807047842021 186.34549277599817
327.5662956001218 130.85647390109673
224.3102249259502 442.5637493072156
484.60243285600546 126.63518312645773
452.43081022602576 377.50680331282643
342.505007171744 390.8431847608686
464.85656764694915 454.8648551049578
270.63591256006094 436.86242806604207
258.0758896282903 35.329805274818945
158.7356359534224 139.7351720235693
223.24327080367846 136.74371252775163
24.67 180.86
537.05 483.87
38.48375409715379 358.4462711808919
346.57292896999354 508.67931484513184
87.21522307549532 320.1358486875824
383.2892774725292 510.3503862452348
458.49313208876094 386.5069045578883
285.0919371049638 447.71790346182956
333.19106525560693 212.14600934252454
233.22813601985152 529.8444979715903
188.70617436276572 173.62324724325003
479.6651879519494 235.13753261353676
237.53443247878903 107.90836094582934
74.97 101.61
249.85096645409752 495.67104995587584
416.93593255234134 148.21792649081937
142.45352755081552 408.10403959318035
373.3923327354962 209.439415195745
144.48604585632532 338.46451313842084
279.8641513124176 87.21522307549532
281.97514403622904 489.86713245886716
178.34269465875178 538.7525271949563
251.67085731120758 432.67415897998524
300.0 119.10918977395886
350.7220932357698 147.8267468067352
130.82336329214527 431.0027665618091
506.68081095200176 105.91172770881926
74.80780366869513 218.91560932073017
463.7497819801123 419.1668134240556
548.4619205835189 163.40851066636264
436.2 32.7
300.0 137.06183423961625
230.7644346922617 161.8434694599521
421.8049834785261 93.99299099195055
104.32895004412251 249.85096645409786
513.7986267152554 435.6994302653315
75.58246490728298 328.38625921919214
285.8132101363659 525.7462211206354
385.14341460981166 445.9236871524534
138.59887606046686 495.14593341114966
156.30794892671452 245.84525119567593
505.27217980983033 359.62646911120123
119.10918977395886 300.0
495.1459334111498 461.4011239395331
104.85406658885015 138.59887606046686
213.49309544211962 141.5068679112316
232.53649475222514 143.1360086165888
346.5729289699949 91.32068515486726
314.9080628950086 152.2820965381287
3.69 346.93
331.74854014120626 551.255974847693
133.01839078364696 263.6263682291351
141.7479689190325 479.5133211296493
283.77175853830147 468.8159308347153
447.12510643351004 161.60776038167006
359.78335751059524 149.09458094193613
276.85909100808703 121.13036291492739
283.8085842872788 225.30425473533123
161.60776038167108 152.87489356649064
0.15 290.58
107.90836094582941 362.46556752120966
139.56480920591017 330.0976887443366
228.85435552010574 172.50085532796132
452.71 41.78
198.38 582.26
202.74837574968 122.8481069079853
488.8861378845713 351.8702412173328
366.57422642060556 131.89169254967302
436.39463275541453 530.6447961552707
292.493819952931 60.762956461498234
258.56658823236495 486.4970740050134
524.4175350927169 252.77374078080746
209.23048415228942 47.8819403101205
322.18097435187343 459.16068555345817
421.2075120281289 490.89126896743494
225.24058724781221 557.327200891079
477.15189309201264 202.74837574967836
525.03 101.61
445.92368715244896 214.85658539018493
274.5389639891613 500.417973744525
359.922809848788 440.7523414921431
174.13808483506324 442.83959145172975
438.3922396183303 447.1251064335087
253.42707103000606 508.6793148451319
466.6630987801062 529.3867728463251
341.4334117676391 113.50292599498418
274.5389639891628 99.58202625547553
386.73188198912703 129.79540990291747
512.13 512.13
152.87489356649064 161.60776038167108
116.13 537.05
178.66227523771357 178.66227523771357
60.61712442824825 148.07685657822282
408.70820607242666 116.03111134913947
355.3538264962964 429.6125495336524
24.67 419.14
162.7730911124329 245.50708385049575
358.44627118089187 561.5162459028461
274.7807299293969 566.7753871040456
80.90586927299513 243.76855851316145
25.37862387310384 229.49165914374902
415.1589669641906 188.0481510538137
396.7618134240563 135.8459750778092
16.46591860729885 300.0
149.09458094192772 240.21664248941167
320.13584868758267 512.784776924504
195.84764482862232 437.9923437055034
78.06423824944325 422.0044680009119
74.25377887936439 314.18678986363443
408.20550464044845 204.58071178750586
253.07 3.69
525.1921963313049 218.91560932072986
276.85909100808107 478.86963708507466
141.5068679112316 213.49309544211962
300.0 46.73775582189666
305.80834085625145 490.95115169675285
483.87 537.05
404.15235517138535 437.99234370551505
144.16607176307807 171.584287450888
262.5390997646563 63.58085410616776
167.32584101996966 348.3291426886608
66.40241200487525 352.19156159967037
120.33481204805284 364.86246738645843
234.56 7.22
32.16585645248418 308.41309002353444
448.8892963403189 95.08968146102463
257.4949928282179 209.15681523895825
535.47670477709 393.2353318553217
369.89911592315343 84.87666456233465
306.6692700706033 513.7049693033684
246.87206967535903 578.51486977595
325.4610360108371 99.58202625547548
261.5354868615868 144.48604585633694
369.2355653077541 161.84346945994662
492.09163905416983 237.53443247878783
198.38 17.74
498.39 74.97
205.75459845505767 403.82449995493397
240.07719015121353 440.7523414921528
183.06406744766147 148.2179264908202
201.02305040185027 322.8223730473868
442.83959145172867 425.8619151649335
552.1180596898795 390.76951584771064
80.31922073629936 204.9597813514197
295.43036403945695 470.8530074161618
202.33630643727847 425.999853387306
330.0191849840842 149.27131000539802
245.84525119567593 156.30794892671452
455.83392823691975 171.58428745088722
498.25479529645867 191.03709815853216
148.97240731224244 396.71061821015616
1.33 328.23
206.7646681446783 535.4767047770902
582.9700621548147 282.19690997646563
336.3736317708511 466.98160921634445
372.4607014462235 98.85935922108688
403.82449995493556 394.24540154493803
225.57436021275427 487.95418967669457
444.0880463735333 474.3390685721901
183.52351396876418 330.92536047125003
316.22824146169177 131.18406916527428
445.9496495426062 368.64590677840755
35.329805274818945 258.0758896282903
111.20098333854823 269.8930071504486
368.64590677840755 445.9496495426062
87.87 87.87
135.76652657338275 511.75208398337503
529.1418198343125 192.1825519771674
421.65730534124816 538.7525271949563
173.62324724325003 188.70617436276572
454.8648551049574 135.1434323530505
109.51791823008301 397.07622382992815
157.16040854826934 174.13808483506662
203.28938178983438 451.02759268776936
165.94672843478958 399.9598818705197
274.7807299293969 33.22461289595425
244.03919866338052 128.65349943061747
203.7118045346266 95.33739634221284
470.2287703885129 191.73679713269988
285.81321013636557 74.25377887936439
115.39756714399452 473.36481687354217
266.2233385099407 477.839078816269
521.9357617505566 177.995531999088
272.4337043998766 130.85647390109494
420.71581600761084 556.5406066114375
350.9477197067062 175.97739336721742
271.77 1.33
168.99723343819238 469.1766367078533
539.3828755717518 148.07685657822284
322.5298798871684 61.72278985651393
117.21139436599266 385.97521223832405
438.15653053997346 369.2355653077091
411.2938256372362 426.3767527567433
149.27131000539612 269.9808150159377
193.58574004061526 545.9328415371343
148.9724073122411 203.28938178983753
383.7 11.91
245.84525119561974 443.69205107329543
161.8434694599521 230.7644346922617
125.34061374764225 344.4779911248101
480.72037464651106 518.46531113705
435.6994302653314 86.20137328474482
377.5068033128386 147.56918977395404
120.17067035101385 289.02218978818485
218.91560932073017 74.80780366869513
366.5742264206082 468.1083074503357
307.5061800470688 539.2370435385019
592.78 365.44
529.1418198343125 407.8174480228326
192.47212984683523 152.98437068695122
369.2355653077091 438.15653053997346
266.8089347442606 387.8539906573689
300.0 73.76404167378148
454.8648551049578 464.85656764694915
338.46451313842084 144.48604585632532
204.95978135141982 519.6807792637012
272.7569145362529 147.05813760462559
174.00014661264862 397.6636935627092
61.72278985651393 322.5298798871684
191.03709815853261 101.74520470354094
216.3 11.91
227.5392985537763 98.85935922108625
458.4931320887596 213.49309544211314
316.228241461699 468.81593083471466
513.2524710874205 191.32967134980652
212.38892810406333 569.6558247641829
413.6545072239975 439.5807047842081
316.191415713102 374.6957452646327
515.1233354376652 369.89911592315417
492.0916390541702 362.46556752121205
116.7850868041675 246.79256023790455
269.90231125569 460.43519079410936
529.3867728463251 466.6630987801062
101.74520470354071 408.96290184146756
425.86191516493227 157.16040854826858
78.06423824944329 177.99553199908814
64.52329522291004 206.76466814467847
201.3552180198881 160.34640398137276
169.06568145390602 423.9091243167469
309.42 599.85
381.04657617343736 228.75394300519108
175.97739336723723 249.05228029331514
246.87206967535906 21.485130224049946
331.74854014120615 48.74402515230699
69.35520384472939 163.6053672445855
54.70587161931153 237.02497743124707
431.0961144570549 213.53595991096216
171.58428745088722 455.83392823691975
141.74796891903273 120.48667887035056
277.81902564812964 459.1606855534577
143.1360086165888 232.53649475222514
463.25628747224886 376.7567291963109
434.59686262550184 102.06828646633842
93.99299099195055 421.8049834785261
252.64964693057397 136.94146193939557
139.73517202356905 441.2643640465774
291.36522135785174 140.26217941124497
133.01839078364767 336.37363177087053
125.6609314278096 444.0880463735336
264.46381995293126 18.70467505076899
33.22461289595425 274.7807299293969
314.18678986363443 74.25377887936439
75.58246490728298 271.61374078080786
556.5406066114375 179.28418399238913
545.9328415371343 193.58574004061526
290.58 0.15
95.33739634221284 203.7118045346266
154.0763128475468 385.1434146097871
185.2558892296958 311.7188236538145
588.09 383.7
63.58085410616776 337.4609002353437
548.7846093278501 347.45379097392265
202.92377617007207 109.51791823008288
141.5068679112282 386.506904557882
556.5406066114375 420.71581600761084
581.295324949231 335.53618004706874
48.74402515230699 331.74854014120615
159.2476585079187 359.9228098488374
191.89596040681872 142.45352755081205
188.04815105382602 184.84103303582526
160.78307174879743 297.09232371312436
348.3291426887951 432.67415898000166
77.74876001157436 342.3826900989777
136.74371252775154 376.75672919632194
328.23 598.67
511.75208398337503 135.76652657338275
36.37776507430335 404.3784439517738
249.85096645409786 104.32895004412251
557.327200891079 225.24058724781221
152.9843706869558 407.52787015316943
521.619648418077 450.6362422018833
398.6447819800995 439.65359601863355
157.4362506927483 224.3102249259754
503.79624924083237 341.55762658951585
397.2516242503222 477.1518930920128
533.5975879951245 247.8084384003299
196.17550004507046 205.75459845508104
299.99999999999994 462.9381657604074
354.49291614955064 437.2269088876763
116.90996262739606 166.92539067215
318.024855963771 489.86713245886705
191.73679713270042 129.77122961148984
178.19501652147375 93.99299099195075
445.9236871524534 385.14341460981166
225.30425473523906 316.19141571274804
110.80743457362826 153.31099543310597
91.32068515486726 346.5729289699949
94.72782019016847 359.6264691112003
74.97 498.39
48.74402515230699 268.25145985879385
574.621376126896 229.49165914374896
17.74 401.62
241.5368436248339 460.53590826596457
18.70467505076899 335.53618004706874
578.51486977595 246.87206967535903
293.3307299293967 513.7049693033684
328.23 1.33
280.2866562399331 329.13889763739434
540.8574742925485 378.25321568781027
202.33630643729268 174.000146612665
285.9031751101219 415.12775400702
128.65349943061779 355.960801336615
59.14252570745144 221.74678431218982
152.87489356649093 438.39223961832874
54.70587161931146 362.975022568753
430.93431854609946 176.09087568324878
251.60857982452708 238.94559881097382
262.5390997646564 536.4191458938325
519.0941307270044 243.76855851316128
135.14343235305054 145.13514489504254
240.21664248941167 149.09458094192772
521.9612915361869 268.05012011283173
258.0758896282903 564.6701947251811
438.13998559470275 224.43141052447498
369.89911592315417 515.1233354376652
419.14 24.67
323.1409089919196 478.8696370850747
203.71180453462742 504.66260365778743
147.05813760463414 327.24308546374016
432.0151198826414 208.16267701278377
362.3311493502478 431.3893532094004
290.58 599.85
567.3 436.2
346.93 596.31
74.25377887936439 285.81321013636557
240.37353088879937 94.72782019016911
314.0968248899751 184.87224599287686
411.2938256372289 173.62324724324756
21.485130224049946 246.87206967535906
473.36481687354217 115.39756714399452
383.7 588.09
399.95988187048613 434.05327156521855
269.9808150159803 450.72868999458206
390.5605848042613 373.39233273552713
264.46381995293126 581.295324949231
300.0 97.84654530831652
98.85935922108688 372.4607014462235
599.85 309.42
482.78860563400775 385.97521223832126
291.58690997646556 32.16585645248418
451.20763448727706 148.79236551272317
310.9778102118152 120.17067035101383
566.7753871040456 325.2192700706031
204.9597813514197 80.31922073629936
277.81902564815306 140.83931444654982
327.5662956001242 469.1435260989207
394.24540154492433 196.1755000450682
592.78 234.56
231.3540932215526 154.05035045739265
179.28418399238905 43.459393388562525
123.28655456072195 420.3849959360605
397.6636935627092 174.00014661264862
469.1766367078543 431.00276656180836
366.77186398014857 529.8444979715902
504.91031853897533 448.88929634031865
567.834143547516 310.42690997646565
437.99234370551505 404.15235517138535
163.8 567.3
122.80135306230817 500.9961220890517
191.89596040682247 457.5464724491921
335.21946763784877 181.65592610642477
341.43341176763397 486.4970740050132
300.0 16.46591860729885
181.6559261065167 264.7805323620959
156.77177208478236 258.2998287023913
243.76855851316145 80.90586927299513
168.9972334381916 130.8233632921455
300.0 583.5340813927012
552.1180596898795 209.23048415228936
244.6461735036725 429.61254953363533
169.06568145390403 176.09087568325228
164.8042114838936 435.19578851610817
51.88 131.37
353.12793032464094 21.485130224049946
328.38625921919214 75.58246490728298
95.08968146102463 448.8892963403189
51.88 468.63
438.39223961832874 152.87489356649093
436.3946327554144 69.35520384472932
283.77175853830806 131.18406916527485
304.569635960543 470.85300741616174
598.67 271.77
97.84654530831652 300.0
131.18406916527428 316.22824146169177
317.80309002353437 582.9700621548147
88.78687716363596 333.50840806667475
353.12793032464094 578.51486977595
266.2233385099338 122.16092118373348
476.71344543928006 179.61500406394032
103.75089825200335 215.13702774298116
213.2681180108739 129.79540990291738
545.2941283806882 362.975022568753
274.4003446758782 160.35255997216
291.58690997646556 567.8341435475159
170.38745046641395 244.64617350388846
266.49159193332537 511.2131228363651
109.04884830324842 294.19165914374577
101.36798814979929 262.1536735703836
214.85658539020648 154.07631284755473
293.330729929396 86.29503069663193
21.485130224049946 353.12793032464094
311.718823653986 414.74411077022546
138.59887606046686 104.85406658885015
501.1406407789137 372.4607014462245
435.1957885161089 435.1957885161089
0.15 309.42
232.53649475223418 456.8639913834306
420.3849959360597 476.7134454392793
7.22 365.44
149.3637577981167 521.619648418077
173.62324724324756 411.2938256372289
500.9961220890517 122.80135306230817
433.07460932784977 483.09003737260366
447.1251064335087 438.3922396183303
557.327200891079 374.7594127521878
451.2076344872774 451.2076344872774
335.53618004706874 581.295324949231
51.5380794164811 163.40851066636273
148.2179264908202 183.06406744766147
184.87224599287956 285.90317511007515
325.2192700706031 33.22461289595425
129.79540990291738 213.2681180108739
257.6173099010223 77.74876001157429
122.8481069079853 202.74837574968
121.13036291492726 323.14090899191245
140.26217941124452 308.6347786421488
80.31922073629929 395.0402186485803
255.69054699750828 299.09710466619094
347.4537909739228 51.21539067214985
188.70617436275256 426.3767527567477
317.8030900235344 17.02993784518529
110.52091675681747 110.52091675681747
166.92539067215 116.90996262739606
350.7220932358043 452.1732531932581
11.91 383.7
420.3849959360605 123.28655456072195
314.90806289503877 447.71790346182655
261.5354868615905 455.51395414364174
62.95 116.13
364.86246738645843 120.33481204805284
155.91195362646633 474.3390685721895
176.09087568324878 430.93431854609946
213.53595991097728 168.90388554298576
367.46350524777813 143.13600861658824
359.6264691112003 94.72782019016847
575.33 180.86
506.6808109520017 494.0882722911808
263.6263682291351 133.01839078364696
60.762956461498234 292.493819952931
451.9231434217771 539.3828755717518
191.29179392757285 116.0311113491401
191.7944953595381 395.4192882124178
135.8459750778092 396.7618134240563
240.37353088879888 505.27217980983045
233.22813601985166 70.15550202840967
147.56918977395404 377.5068033128386
130.8233632921455 168.9972334381916
468.63 51.88
480.72037464651106 81.53468886295005
408.6703286501937 86.74752891257931
69.35520384472932 436.3946327554144
470.20459009707747 386.73188198912374
107.90836094582934 237.53443247878903
17.74 198.38
464.1540249221912 396.76181342406284
322.5298798871684 538.2772101434858
536.4191458938325 337.4609002353436
139.46409173403714 241.5368436248488
226.60766726444797 390.5605848042373
358.4462711808919 38.48375409715379
469.2515639459866 130.74843605401335
178.7924879718709 109.10873103256577
477.1518930920128 397.2516242503222
425.18231300889795 225.0838565639056
224.3102249259754 157.4362506927483
455.8339282369216 428.41571254911156
288.28117634618474 185.2558892297108
582.26 198.38
355.960801336624 471.34650056938057
368.6459067784511 154.0503504573926
184.84103303583544 411.9518489461696
153.3109954331062 489.1925654263714
88.24791601662488 464.23347342661737
581.295324949231 264.46381995293126
47.88194031012053 390.7695158477105
489.1925654263714 153.3109954331062
408.70820607242837 483.9688886508607
98.85935922108625 227.5392985537763
160.35255997215734 325.59965532410735
142.45352755081205 191.89596040681872
362.975022568753 54.70587161931146
38.48375409715379 241.55372881910807
359.9228098488374 159.2476585079187
529.8444979715903 233.22813601985152
225.57436021275606 112.04581032330762
551.255974847693 268.25145985879374
70.61322715367486 133.33690121989375
482.78860563400787 214.0247877616789
457.5464724491921 191.89596040682247
333.50840806667475 88.78687716363596
130.85647390109494 272.4337043998766
81.53468886295005 480.72037464651106
191.03709815853216 498.25479529645867
396.76181342406284 464.1540249221912
147.826746806734 249.27790676421452
70.15550202840946 366.7718639801482
421.80498347852654 506.0070090080495
272.43370439987666 469.14352609891847
437.9923437055034 195.84764482862232
359.78335751060337 450.90541905809926
433.0746093278504 116.90996262739637
192.18255197716718 70.85818016568757
201.55683126451126 272.55643900779825
435.19578851610817 164.8042114838936
63.58085410616776 262.5390997646563
125.66093142780986 155.9119536264665
178.66227523771656 421.3377247622925
422.0044680009119 78.06423824944325
386.5069045578883 458.49313208876094
504.6626036577873 396.28819546537255
153.31099543310597 110.80743457362826
300.0 480.8908102260472
451.9231434217771 60.617124428248275
230.76443469230372 438.1565305399711
237.6688506496025 168.61064679058606
387.5320901635475 393.94632619950806
489.4790832431825 110.52091675681743
306.669270070604 86.29503069663193
30.344175235817154 387.6110718959367
152.2820965381287 314.9080628950086
327.24308546375374 452.94186239543325
244.03919866337588 471.3465005693794
167.98488011728242 391.8373229872892
87.87 512.13
116.90996262739637 433.0746093278504
238.94559881099175 348.3914201755147
330.1069928495511 111.20098333854854
268.25145985879385 48.74402515230699
158.73563595342154 460.2648279764303
157.43625069273506 375.6897750740296
120.48667887035046 458.25203108096724
442.83959145172975 174.13808483506324
411.95184894619024 415.15896696417053
408.6703286501935 513.2524710874204
337.84632642961407 498.63201185020154
120.33481204805075 235.13753261354086
372.4607014462245 501.1406407789137
512.13 87.87
375.6897750740296 157.43625069273506
519.6807792637012 204.95978135141982
397.6636935627059 425.999853387326
203.23818657593674 464.1540249221899
337.4609002353436 536.4191458938325
241.5368436248488 139.46409173403714
159.24765850791732 240.07719015117527
333.7766614900582 477.83907881627033
207.4210750653367 298.4787545928719
269.8930071504489 488.79901666145537
596.31 253.07
548.4619205835189 436.59148933363736
245.50708385043464 437.2269088876889
95.33739634221286 396.2881954653733
235.13753261354086 120.33481204805075
86.74752891257923 191.32967134980632
475.369174509871 224.2731009935668
179.28418399238913 556.5406066114375
350.1490335459023 495.67104995587533
99.58202625547548 325.4610360108371
51.538079416481075 436.5914893336373
145.13514489504226 464.85656764694954
237.53443247878783 492.09163905416983
78.38035158192316 450.6362422018834
529.8444979715902 366.77186398014857
539.3828755717518 451.9231434217771
355.960801336615 128.65349943061779
599.85 290.58
164.80421148389323 164.80421148389323
280.4390126949317 373.06166301320627
513.7986267152554 164.30056973466847
237.024977431247 545.2941283806883
89.6496137547655 216.71072252747135
3.69 253.07
216.7107225274708 510.3503862452352
428.41571254911224 144.16607176307699
129.79540990291747 386.73188198912703
425.8619151649335 442.83959145172867
191.29179392757163 483.9688886508604
262.1536735703836 101.36798814979929
151.11070365968143 504.9103185389754
62.95 483.87
140.8393144465492 322.18097435184404
251.67085731128336 167.32584101996622
298.4541908984786 453.8600555144291
46.73775582189666 300.0
423.9091243167524 430.9343185460943
342.3826900989777 77.74876001157436
426.3767527567477 188.70617436275256
163.40851066636273 51.5380794164811
139.46409173404422 358.4631563751485
416.9359325523383 451.7820735091789
323.14090899191245 121.13036291492726
128.65349943061747 244.03919866338052
84.87666456233465 369.89911592315343
208.16267701274887 167.98488011729515
374.4256397872447 112.04581032330817
495.14593341114966 138.59887606046686
109.51791823008288 202.92377617007207
341.70017129759356 156.771772084757
282.19690997646563 582.9700621548147
464.5172838970238 303.7463001599008
125.3406137476453 255.52200887519209
391.83732298724163 432.01511988268277
344.4779911248077 474.65938625234725
375.7268990064361 124.63082549013406
17.02993784518529 317.8030900235344
494.0882722911808 506.6808109520017
564.6701947251811 258.0758896282903
476.7134454392793 420.3849959360597
318.0248559637694 110.13286754113014
148.21792649081937 416.93593255234134
179.61500406393927 123.28655456072093
116.03111134913947 408.70820607242666
131.89169254967302 366.57422642060556
133.33690121989375 70.61322715367486
298.47875459299985 392.57892493446565
451.7820735091789 416.9359325523383
498.2547952964586 408.962901841468
308.6347786421335 459.7378205887361
246.79256023790455 116.7850868041675
122.16092118373523 333.77666149006683
510.3503862452348 383.2892774725292
104.32895004412165 350.1490335459028
315.8992700706032 47.24981353555583
277.1776269526104 201.02305040190993
247.8084384003299 533.5975879951245
110.13286754113021 281.9751440362306
436.5914893336373 51.538079416481075
120.17067035101383 310.9778102118152
70.85818016568757 192.18255197716718
180.8331865759435 136.2502180198869
451.78207350917546 183.0640674476641
325.5996553242263 439.64744002786836
561.5162459028461 358.44627118089187
525.1921963313048 381.08439067927003
374.4256397872456 487.95418967669394
320.1358486875824 87.21522307549532
148.7923655127232 148.7923655127232
387.6110718959367 30.344175235817154
289.0221897881888 479.8293296489817
496.2491017479981 384.8629722570186
200.0401181294971 165.94672843477284
284.1007299293968 47.24981353555583
42.672799108920955 374.75941275218764
540.8574742925485 221.7467843121897
245.50708385049575 162.7730911124329
95.08968146102455 151.11070365968123
178.79248797187086 490.89126896743494
136.74371252775163 223.24327080367846
330.0976887443366 139.56480920591017
209.23048415228936 552.1180596898795
464.1540249221899 203.23818657593674
421.3377247622925 178.66227523771656
393.9463261995481 212.4679098364607
494.0882722911807 93.3191890479982
47.24981353555583 284.1007299293968
504.66260365778743 203.71180453462742
497.9317135336621 165.40313737449839
32.7 163.8
353.2074397620944 116.78508680416543
375.72689900643365 475.3691745098704
319.56098730538633 226.93833698650081
450.3238781766648 226.3848812418147
122.16092118373348 266.2233385099338
144.48604585633694 261.5354868615868
70.15550202840967 233.22813601985166
490.48208176991574 397.0762238299273
548.7846093278501 252.54620902607735
32.16585645248418 291.58690997646556
489.19256542637163 446.689004566894
1.33 271.77
446.689004566894 489.19256542637163
269.9023112556664 139.56480920590266
435.6994302653315 513.7986267152554
216.71072252747135 89.6496137547655
42.672799108921 225.2405872478123
235.13753261353676 479.6651879519494
396.71061821015616 148.97240731224244
390.76951584771064 552.1180596898795
519.6807792637011 395.04021864858026
563.6222349256967 195.62155604822613
266.4915919333252 88.78687716363594
397.2516242503205 122.84810690798442
86.20137328474482 435.6994302653314
346.93 3.69
113.50292599498394 258.56658823236234
300.0 526.2359583262189
419.14 575.33
365.44 7.22
257.6173099010229 522.2512399884257
487.95418967669457 225.57436021275427
344.4779911248101 125.34061374764225
582.9700621548147 317.80309002353437
300.0 553.2622441781034
375.68977507405356 442.5637493072232
420.7158160076109 43.459393388562525
371.1456444799632 427.4991446720652
468.63 548.12
99.0038779109482 477.19864693769176
490.89126896743494 178.79248797187086
137.06183423961625 300.0
7.22 234.56
122.80135306230821 99.00387791094822
434.5968626255016 497.93171353366193
364.8624673864623 479.6651879519493
477.19864693769176 99.0038779109482
102.06828646633812 165.4031373744981
396.2881954653733 95.33739634221286
51.21539067214985 252.54620902607718
252.54620902607735 548.7846093278501
233.42577357939112 468.1083074503373
226.93833698651505 280.43901269483484
268.25145985879374 551.255974847693
192.47212984684577 447.0156293130477
463.2562874722495 223.2432708036899
419.1668134240556 463.7497819801123
304.56963596055425 129.14699258384255
136.94146193939557 252.64964693057397
145.13514489504254 135.14343235305054
105.91172770881927 93.31918904799818
524.1530864554303 335.6461800470688
209.43941519575557 226.60766726449634
341.9241103717097 35.329805274818945
206.05367380050413 387.53209016350615
551.255974847693 331.74854014120626
104.85406658885006 461.4011239395332
354.1547488043135 156.30794892673885
180.86 24.67
450.6362422018833 521.619648418077
269.8930071504486 111.20098333854823
32.7 436.2
178.34269465875175 61.24747280504359
460.2648279764303 158.73563595342154
111.20098333854854 330.1069928495511
510.3503862452352 216.7107225274708
131.89169254967086 233.42577357939672
461.4011239395331 495.1459334111498
521.9357617505566 422.004468000912
113.50292599498418 341.4334117676391
545.9328415371343 406.41425995938476
381.08439067927003 525.1921963313048
378.25321568781004 59.14252570745143
501.14064077891373 227.53929855377515
596.31 346.93
533.5975879951245 352.19156159967
246.79256023790305 483.21491319583055
451.02759268776936 203.28938178983438
252.64964693056928 463.0585380605959
131.37 548.12
130.85647390109673 327.5662956001218
195.62155604822613 563.6222349256967
479.6651879519493 364.8624673864623
490.89126896743494 421.2075120281289
397.0762238299273 490.48208176991574
135.7665265733827 88.2479160166249
54.06715846286585 406.41425995938476
448.88929634031865 504.91031853897533
490.48208176991596 202.92377617007284
103.75089825200317 384.862972257019
519.0941307270042 356.2314414868386
376.7567291963109 463.25628747224886
444.0880463735336 125.6609314278096
307.506180047069 60.762956461498234
154.05035045739265 231.3540932215526
569.6558247641829 387.6110718959367
154.07631284755473 214.85658539020648
359.62646911120123 505.27217980983033
162.00765629448009 195.8476448286129
139.56480920590266 269.9023112556664
521.619648418077 149.3637577981167
421.3377247622934 421.3377247622934
94.72782019016911 240.37353088879937
109.10873103256577 178.7924879718709
302.9076762868787 160.78307174879436
168.6106467905867 362.3311493504177
308.41309002353444 32.16585645248418
269.0746395287095 183.52351396879968
43.459393388562525 179.28418399238905
191.32967134980652 513.2524710874205
347.45379097392265 548.7846093278501
428.41571254911156 455.8339282369216
325.4610360108388 500.417973744525
498.39 525.03
336.37363177087053 133.01839078364767
98.41752607042721 287.39435059737133
386.464040089024 431.0961144570479
370.50834085625104 574.621376126896
294.19165914374855 490.95115169675285
152.28209653813224 285.09193710499045
354.15474880437114 443.69205107329833
230.10088407684586 515.1233354376652
333.77666149006683 122.16092118373523
99.58202625547553 274.5389639891628
228.75394300517044 218.95342382660272
330.92536047132955 416.476486031221
464.85656764694954 145.13514489504226
144.16607176307699 428.41571254911224
147.8267468067352 350.7220932357698
271.61374078080746 524.4175350927171
129.14699258384252 295.4303640394458
295.4303640394458 129.14699258384252
258.56658823236234 113.50292599498394
165.40313737449839 497.9317135336621
222.4931966871764 452.4308102260259
442.5637493072232 375.68977507405356
466.6630987801063 70.61322715367486
378.25321568781027 540.8574742925485
130.7484360540134 130.7484360540134
36.37776507430335 195.62155604822615
54.06715846286587 193.58574004061524
43.459393388562525 420.7158160076109
387.6110718959367 569.6558247641829
110.52091675681743 489.4790832431825
374.75941275218764 42.672799108920955
575.33 419.14
129.77122961148984 191.73679713270042
338.4645131384096 455.51395414363645
247.8084384003297 66.40241200487522
47.24981353555583 315.8992700706032
133.33690121989378 529.3867728463251
88.78687716363594 266.4915919333252
384.8629722570186 496.2491017479981
163.60536724458547 530.6447961552707
305.80834085625423 109.04884830324842
347.35035306943297 463.05853806059565
17.02993784518529 282.1969099764656
291.3652213578663 459.7378205887369
312.60564940262867 98.41752607042721
156.771772084757 341.70017129759356
116.78508680416543 353.2074397620944
505.27217980983045 240.37353088879888
192.1825519771674 529.1418198343125
253.07 596.31
500.9961220890517 477.1986469376917
484.6024328560053 473.3648168735423
77.74876001157429 257.6173099010223
214.0247877616789 482.78860563400787
249.27790676421452 147.826746806734
88.2479160166249 135.7665265733827
483.09003737260383 166.92539067215074
41.78 452.71
86.20137328474475 164.30056973466844
129.77122961149024 408.2632028672978
407.52787015316085 447.01562931304613
407.52787015316943 152.9843706869558
396.710618210162 451.0275926877681
155.9119536264665 125.66093142780986
350.1490335459028 104.32895004412165
212.14600934256467 266.80893474439205
396.28819546537255 504.6626036577873
342.38269009897704 522.2512399884258
506.00700900804947 178.19501652147343
287.39435059737133 98.41752607042721
456.8639913834282 367.46350524776676
227.6680203338974 415.25182971538254
89.64961375476565 383.28927747252885
558.22 147.29
221.7467843121897 540.8574742925485
362.975022568753 545.2941283806882
93.99299099195075 178.19501652147375
310.9778102118111 479.8293296489816
439.65359601864384 201.35521801990177
397.07622382992815 109.51791823008301
408.962901841468 498.2547952964586
11.91 216.3
353.2074397620975 483.2149131958304
101.61 525.03
244.64617350388846 170.38745046641395
425.999853387326 397.6636935627059
184.74817028459444 227.6680203339233
224.2731009935668 475.369174509871
475.3691745098704 375.72689900643365
25.37862387310384 370.508340856251
356.2314414868387 80.9058692729949
156.30794892673885 354.1547488043135
314.1867898636341 525.7462211206354
419.1668134240578 136.2502180198881
119.27962535348895 81.53468886295005
195.62155604822615 36.37776507430335
176.09087568325228 169.06568145390403
441.2643640465774 139.73517202356905
70.85818016568757 407.81744802283276
271.61374078080786 75.58246490728298
180.8331865759463 463.7497819801128
294.19165914374577 109.04884830324842
322.8223730475676 398.97694959818256
163.6053672445855 69.35520384472939
136.2502180198881 419.1668134240578
407.81744802283276 70.85818016568757
282.1969099764656 17.02993784518529
284.1007299293969 552.7501864644441
277.4701201128316 61.72278985651393
174.000146612665 202.33630643729268
115.39756714399454 126.63518312645782
300.0 502.153454691685
367.46350524776676 456.8639913834282
301.52124540716824 207.42107506538702
61.72278985651393 277.4701201128316
167.32584101996622 251.67085731128336
161.60776038167006 447.12510643351004
166.92539067215074 483.09003737260383
154.0503504573926 368.6459067784511
538.7525271949563 178.34269465875178
297.09232371317916 439.2169282511306
404.3784439517738 36.37776507430335
408.10403959318035 142.45352755081552
347.350353069422 136.94146193938843
223.2432708036899 463.2562874722495
218.95342382657427 371.24605699487705
395.04021864858026 519.6807792637011
431.0027665618091 130.82336329214527
148.07685657822282 60.61712442824825
366.7718639801482 70.15550202840946
177.99553199908814 78.06423824944329
152.98437068695122 192.47212984683523
464.23347342661737 88.24791601662488
469.2515639459868 469.2515639459868
393.2353318553217 535.47670477709
525.03 498.39
112.04581032330817 374.4256397872447
362.46556752120966 107.90836094582941
163.40851066636264 548.4619205835189
569.6558247641829 212.38892810406333
123.28655456072093 179.61500406393927
564.6701947251811 341.9241103717097
385.1434146097871 154.0763128475468
180.86 575.33
408.96290184146756 101.74520470354071
263.6263682291457 466.98160921634536
439.5807047842081 413.6545072239975
61.24747280504359 178.34269465875175
425.999853387306 202.33630643727847
241.55372881910813 561.5162459028461
325.2192700706031 566.7753871040456
121.13036291492739 276.85909100808703
483.9688886508607 408.70820607242837
41.78 147.29
479.5133211296492 458.25203108096713
73.76404167378148 300.0
386.73188198912374 470.20459009707747
110.8074345736282 446.6890045668942
356.2314414868386 519.0941307270042
212.4679098364968 206.05367380049526
535.4767047770902 206.7646681446783
406.41425995938476 54.06715846286585
463.7497819801128 180.8331865759463
458.25203108096713 479.5133211296492
312.6056494026275 501.58247392957173
186.34549277599817 439.5807047842021
504.9103185389754 151.11070365968143
124.63082549013406 375.7268990064361
149.36375779811658 78.3803515819231
518.46531113705 480.72037464651106
157.16040854826858 425.86191516493227
255.52200887519209 125.3406137476453
477.1986469376917 500.9961220890517
129.14699258384255 304.56963596055425
489.47908324318263 489.47908324318263
209.15681523894807 342.5050071717866
214.02478776167587 117.21139436599265
165.4031373744981 102.06828646633812
171.584287450888 144.16607176307807
140.26217941124497 291.36522135785174
352.19156159967037 66.40241200487525
536.4342678571453 293.5207299293971
84.87666456233464 230.10088407684614
358.4631563751485 139.46409173404422
518.4653111370499 119.27962535348894
214.85658539018493 445.92368715244896
102.06828646633842 434.59686262550184
253.42707103000544 91.32068515486718
146.1399444855863 298.45419089843523
548.12 468.63
457.5464724491893 408.10403959317773
548.12 131.37
315.8992700706031 552.7501864644441
109.04884830324842 305.80834085625423
322.18097435184404 140.8393144465492
215.13702774298116 103.75089825200335
140.83931444654982 277.81902564815306
93.3191890479982 494.0882722911807
193.58574004061524 54.06715846286587
204.58071178755796 191.79449535954663
474.3390685721895 155.91195362646633
233.42577357939672 131.89169254967086
168.90388554299048 386.46404008900004
60.617124428248275 451.9231434217771
436.59148933363736 548.4619205835189
404.3784439517739 563.6222349256967
249.05228029327662 424.02260663265406
186.34549277600155 160.4192952157901
170.38745046649862 355.3538264960685
237.02497743124707 54.70587161931153
243.76855851316128 519.0941307270044
450.6362422018834 78.38035158192316
86.29503069663193 306.669270070604
327.4435609922765 201.55683126437256
421.6573053412482 61.24747280504366
191.32967134980632 86.74752891257923
421.2075120281286 109.10873103256591
162.77309111246586 354.4929161495252
120.48667887035056 141.74796891903273
392.6154219002152 344.95350055514507
301.54580910156545 146.1399444855865
78.3803515819231 149.36375779811658
383.28927747252885 89.64961375476565
202.74837574967836 477.15189309201264
408.2632028672978 129.77122961149024
348.39142017566 361.0544011888836
464.2334734266173 511.75208398337503
213.49309544211314 458.4931320887596
395.4192882124536 408.20550464043146
18.70467505076899 264.46381995293126
206.76466814467847 64.52329522291004
81.53468886295005 119.27962535348895
447.01562931304613 407.52787015316085
469.1766367078533 168.99723343819238
203.23818657594194 135.84597507781143
264.78053236204454 418.34407389333126
558.22 452.71
179.61500406394032 476.71344543928006
164.30056973466847 513.7986267152554
311.0025120637035 245.26702688418104
513.2524710874204 408.6703286501935
130.74843605401335 469.2515639459866
309.42 0.15
496.2491017479983 215.13702774298164
423.9091243167469 169.06568145390602
