944
324 16
334 18
346 21
357 24
365 26
373 29
382 32
389 35
397 39
405 43
414 47
421 51
429 56
437 60
443 66
449 70
456 70
463 69
468 71
468 78
468 83
467 88
464 91
460 97
455 101
449 105
442 107
436 107
432 105
432 100
432 92
436 87
439 81
445 76
427 90
425 84
420 80
415 75
410 73
407 71
401 70
397 70
394 75
395 81
396 89
400 94
404 99
410 103
416 106
423 108
428 109
327 21
332 26
340 32
345 38
350 42
354 48
359 54
364 59
369 65
374 70
378 77
383 84
387 89
390 95
385 96
377 95
368 92
360 90
353 89
345 88
340 86
334 84
334 80
332 77
327 80
320 82
312 86
306 89
300 92
295 93
301 97
307 98
309 103
308 108
306 114
306 120
304 126
304 130
303 135
302 141
300 147
300 153
300 158
299 162
294 164
288 164
282 165
277 165
277 162
275 156
279 152
275 147
269 143
266 139
262 135
259 130
255 126
253 130
255 140
255 146
256 152
256 159
255 164
259 164
264 162
269 164
266 166
262 169
259 176
255 180
252 187
247 192
244 198
241 202
237 207
234 212
232 217
227 224
222 231
221 236
216 243
213 249
209 247
206 241
202 236
197 232
192 226
187 219
181 213
178 207
173 201
169 198
165 193
163 189
164 185
168 183
166 180
164 177
163 175
167 168
170 163
173 159
175 155
177 152
178 151
176 147
170 143
166 141
159 138
155 136
149 132
143 129
136 124
132 121
126 117
122 115
126 121
130 123
136 126
143 132
148 136
152 140
158 146
160 147
163 151
163 154
160 160
159 162
156 167
153 172
152 174
149 177
144 174
139 174
134 173
130 173
130 168
133 159
133 153
133 147
134 136
134 131
136 119
136 113
130 123
127 135
127 141
126 147
124 152
123 159
121 163
119 171
118 176
118 179
125 180
130 182
136 183
142 184
145 184
145 189
150 193
153 197
156 195
161 200
168 206
172 212
176 215
179 219
182 222
185 227
189 231
193 236
196 239
199 245
202 249
204 252
206 257
207 262
209 265
211 274
213 279
215 283
216 286
219 284
222 279
225 272
228 267
232 261
235 253
231 251
227 251
224 250
223 246
225 243
230 236
233 231
235 227
239 221
243 216
244 212
248 208
251 203
254 196
258 191
260 187
264 180
268 174
268 177
268 181
267 187
267 194
268 200
267 207
267 212
267 222
267 218
266 228
267 232
267 236
267 242
267 248
267 254
267 258
267 266
267 272
268 277
268 282
268 285
266 284
260 281
254 281
250 280
251 285
252 289
252 292
250 287
242 287
235 286
235 289
230 289
224 290
218 290
211 291
204 291
199 291
193 290
188 289
181 288
177 287
169 287
165 286
160 285
154 285
149 285
145 284
147 287
154 291
159 293
155 294
147 294
143 293
138 293
131 293
125 293
121 294
113 294
110 294
107 294
101 294
98 294
93 293
84 291
79 290
73 290
65 289
57 287
49 286
48 286
45 286
46 289
51 290
57 293
62 295
66 298
72 300
77 303
80 305
87 310
93 310
99 311
105 313
111 315
113 316
119 317
127 318
130 319
134 320
144 321
147 322
154 324
161 325
166 326
172 326
165 327
153 329
156 330
169 330
179 330
189 330
198 329
209 327
220 326
223 323
215 329
210 333
207 335
211 338
218 344
222 346
224 348
228 355
230 358
230 360
224 360
218 355
211 351
210 348
204 350
200 357
192 361
187 366
184 370
182 374
179 378
183 379
188 376
193 374
201 370
207 367
213 365
216 367
221 370
227 373
233 377
237 379
243 377
248 372
254 368
257 364
262 361
269 357
270 358
275 364
279 368
283 372
289 379
294 383
296 384
292 376
288 370
286 365
282 360
277 354
275 349
269 342
269 341
265 345
260 350
253 355
250 360
247 363
245 359
240 351
234 346
229 344
225 341
227 339
231 335
237 331
242 326
246 321
251 318
254 314
260 309
266 304
269 300
269 310
269 319
272 314
274 303
279 295
283 294
286 299
287 302
291 295
294 292
296 294
300 304
302 309
303 312
306 304
307 300
311 296
314 300
315 305
315 310
317 308
320 303
321 299
324 299
327 305
330 309
330 311
332 312
334 312
337 309
341 303
343 298
345 301
352 307
356 308
362 312
368 316
372 319
376 324
381 329
382 330
386 334
387 337
382 342
376 350
373 353
369 360
368 360
363 358
359 353
355 351
350 347
346 343
342 341
339 344
335 352
328 360
327 362
323 366
321 373
317 379
314 382
323 378
330 371
335 365
339 359
343 356
348 357
357 362
363 366
368 371
374 375
377 378
382 379
388 375
396 371
402 366
409 362
412 362
418 366
427 370
434 373
440 375
436 373
430 366
425 360
421 355
417 349
413 344
409 344
404 348
396 353
392 356
386 359
384 359
388 352
393 349
397 345
401 343
406 339
410 336
413 334
409 329
400 324
394 320
389 316
383 313
376 309
371 306
366 302
363 297
359 292
351 287
347 284
345 279
345 276
345 271
345 266
345 261
345 253
345 247
345 241
345 236
346 229
346 223
347 216
347 209
346 204
347 195
347 185
347 180
352 188
354 190
359 198
362 204
366 209
368 212
371 217
374 222
377 227
379 232
383 237
385 239
387 244
389 246
392 249
394 253
394 256
389 258
386 260
383 262
384 268
387 272
390 281
394 285
396 290
400 294
403 293
405 288
407 281
411 268
413 263
414 257
416 254
422 249
428 244
432 238
436 234
441 228
444 225
447 221
450 217
453 213
456 210
460 204
462 201
464 200
468 203
473 205
476 200
481 193
484 190
489 189
498 188
502 187
503 184
502 177
501 169
499 162
498 153
497 151
495 146
494 141
496 140
498 134
499 127
499 124
504 122
499 124
497 122
493 116
490 112
486 107
480 102
474 101
468 100
465 100
406 123
408 124
415 127
420 128
427 128
433 128
440 128
446 128
451 128
457 126
460 123
462 123
470 126
474 128
480 133
484 137
486 141
486 145
486 150
486 156
484 159
487 159
491 154
493 151
492 157
492 163
493 171
493 176
493 180
489 181
479 182
475 184
474 185
472 184
468 177
466 172
462 168
458 162
457 161
461 157
466 153
472 149
476 146
480 142
482 135
477 136
470 141
464 144
456 147
447 153
443 155
442 159
446 165
451 173
453 177
456 180
466 182
463 183
458 187
455 190
455 193
458 195
457 199
453 206
451 208
445 213
440 219
438 222
434 226
431 230
428 234
423 240
421 243
417 247
413 251
407 257
404 260
402 254
399 249
393 241
390 236
387 230
385 222
382 218
377 210
374 204
371 201
368 195
363 190
359 184
356 180
352 175
348 171
345 167
345 166
348 164
353 165
358 167
361 166
361 159
361 152
362 146
362 137
362 132
362 127
358 128
351 134
347 138
341 142
333 147
331 150
328 155
332 157
335 160
337 165
333 168
328 168
316 167
307 166
301 165
322 166
314 163
314 160
316 152
318 145
318 139
318 134
318 130
319 125
319 119
319 114
320 109
322 102
322 99
328 101
334 105
336 105
335 101
334 99
338 96
343 94
348 95
357 98
365 99
370 100
380 101
387 102
386 103
382 107
375 116
378 112
375 115
372 119
372 121
372 127
372 131
373 137
376 140
378 146
381 150
384 152
384 151
384 146
386 137
386 131
390 128
393 126
397 124
401 123
404 123
407 105
408 107
410 112
414 114
416 116
411 119
408 122
464 102
462 104
459 110
455 115
451 118
453 121
457 123
419 116
420 116
422 119
426 120
428 118
430 115
434 119
436 121
440 117
441 115
443 120
450 119
271 220
273 223
274 227
278 230
279 231
283 222
287 216
288 215
291 222
294 227
296 226
298 217
301 213
303 216
307 225
311 231
312 222
314 217
317 212
320 213
322 218
324 218
327 214
331 215
334 219
336 224
341 230
344 234
269 268
270 264
274 258
278 251
282 249
285 252
287 254
292 247
294 247
296 252
299 259
300 268
302 270
304 266
306 258
309 253
310 251
313 258
315 265
316 264
319 253
322 251
324 251
330 264
331 266
328 260
327 258
330 267
332 271
335 262
341 257
225 319
228 316
236 312
241 308
247 303
252 299
260 294
265 290
268 289
269 295
416 86
414 83
411 80
406 78
401 76
443 86
446 83
450 78
454 75
462 75
442 72
436 68
435 66
429 63
423 60
420 58
415 56
378 36
375 35
368 33
362 32
358 31
351 29
344 28
339 27
336 26
336 20
342 19
348 21
203 328
214 322
278 305
281 304
295 297
297 298