1000
45 42
10 33
31 86
36 41
41 44
76 31
77 29
79 33
78 33
68 39
82 57
36 36
14 71
70 65
4 58
58 30
81 52
84 63
16 80
70 63
58 20
68 81
73 34
29 55
79 25
53 41
60 22
34 40
37 22
68 88
17 62
40 24
58 27
79 75
74 53
87 48
17 40
41 39
83 24
34 52
62 49
76 75
23 86
5 42
21 45
78 41
26 88
44 44
32 89
52 46
29 46
14 55
35 46
60 49
43 46
38 31
15 58
38 35
31 44
84 78
79 36
57 25
9 35
80 65
31 44
73 58
15 72
22 64
68 84
76 88
81 66
29 34
84 41
33 52
34 93
49 47
72 76
31 84
66 87
61 49
21 33
53 36
40 96
29 86
39 19
23 53
19 33
29 82
23 75
64 44
9 39
64 41
37 23
71 86
73 49
92 36
20 61
68 59
85 73
69 64
75 71
18 49
46 48
19 34
13 39
81 57
90 33
9 34
73 81
25 45
83 44
67 91
17 79
76 83
37 35
53 42
14 30
38 40
79 32
84 44
13 66
36 51
18 33
88 33
47 39
13 41
22 36
15 47
15 80
75 84
75 41
35 90
60 44
71 65
61 93
15 33
75 27
60 39
30 57
53 94
10 35
59 36
31 89
84 57
61 48
82 27
68 39
61 50
73 86
64 38
81 67
35 50
59 35
20 32
69 40
38 38
31 45
77 45
66 49
68 92
20 79
20 53
84 52
82 44
89 40
83 24
65 86
35 48
47 43
55 4
91 65
16 81
67 49
17 47
39 50
62 92
16 55
27 91
67 36
12 72
12 41
15 60
75 72
64 44
15 39
36 95
81 65
45 49
79 57
39 19
23 59
4 41
44 43
37 35
76 53
29 51
78 63
41 23
18 32
36 37
39 36
66 83
19 68
27 36
33 45
66 35
67 49
24 79
82 57
29 45
40 18
18 76
70 78
55 47
27 41
81 31
66 41
31 7
32 52
76 29
83 35
50 93
69 47
29 35
19 40
68 86
83 58
82 27
14 56
37 18
93 53
62 91
32 89
32 90
84 32
43 43
17 35
77 47
21 28
12 40
45 40
43 47
72 90
13 59
81 46
19 71
25 9
47 44
61 94
83 51
58 18
18 69
10 47
12 58
24 52
14 79
24 57
29 7
76 80
73 33
16 24
23 85
41 45
10 33
78 29
60 19
76 52
70 69
30 89
73 53
15 49
29 54
66 34
68 8
69 51
93 55
38 24
73 12
15 77
12 45
81 39
32 54
10 41
76 71
73 46
78 69
9 36
42 92
58 49
56 46
38 17
22 46
16 58
18 73
85 32
36 91
83 32
31 54
72 30
78 35
15 47
36 37
80 56
11 29
53 36
40 41
4 63
19 60
31 38
42 37
15 37
69 38
21 81
38 41
75 76
25 68
31 39
29 46
51 42
63 53
59 38
61 53
57 91
48 93
25 10
76 18
77 36
65 51
76 55
74 29
64 44
36 50
26 55
75 32
79 42
43 38
72 62
10 48
14 52
35 89
90 42
17 76
79 68
58 24
44 92
29 39
36 49
15 23
73 86
17 82
30 53
60 46
79 24
15 29
71 83
85 55
88 43
16 71
62 45
75 15
17 28
71 45
32 43
16 48
46 42
73 34
26 60
75 33
73 53
7 70
81 44
29 56
67 43
93 59
77 54
76 69
80 33
81 58
87 44
40 44
87 41
71 39
50 43
28 32
84 36
60 89
14 66
32 93
3 46
76 53
25 83
57 19
69 40
45 96
19 60
74 81
25 70
40 30
76 74
70 69
77 18
89 30
9 46
73 67
68 51
8 46
72 37
52 47
55 47
19 78
76 53
42 43
73 46
20 87
21 60
25 41
9 41
79 48
72 85
77 69
71 60
21 43
17 33
59 25
27 42
74 58
13 57
90 41
88 45
82 43
21 67
81 23
18 33
6 38
77 45
24 87
84 29
24 78
17 44
43 39
70 52
35 40
80 25
22 34
80 62
70 49
19 80
48 46
60 45
41 37
46 37
27 32
22 64
26 39
47 38
18 36
72 83
21 70
34 90
88 30
29 42
76 38
73 67
76 71
48 41
9 29
73 67
34 91
75 62
5 39
63 47
71 10
81 75
69 58
73 84
59 48
60 49
40 36
84 77
47 46
72 83
20 17
5 64
81 64
33 51
80 56
37 22
84 37
13 36
20 70
18 48
28 58
70 31
73 66
61 37
58 36
15 32
19 74
16 66
16 80
69 61
73 42
23 75
60 42
72 36
19 20
71 47
73 80
71 75
16 30
44 96
71 84
16 83
75 36
33 93
79 40
12 27
27 85
67 56
4 40
19 28
79 63
80 35
69 80
26 32
70 53
71 86
78 35
82 75
36 40
73 60
42 35
27 79
80 80
73 83
80 63
32 44
12 79
25 56
31 48
22 71
59 50
27 77
16 51
39 49
19 25
21 62
17 54
68 52
81 63
3 48
38 20
13 71
13 60
46 93
86 51
80 49
9 30
23 52
76 49
26 38
55 50
68 32
10 47
59 94
75 45
20 54
32 87
80 66
76 57
6 66
77 64
13 58
25 38
82 56
61 43
69 48
77 55
16 50
73 13
41 44
17 24
52 47
46 41
38 25
18 22
16 43
19 66
39 5
4 62
52 41
81 24
21 76
25 70
74 43
8 73
71 88
71 88
88 47
15 59
71 69
14 69
12 35
41 38
21 57
49 48
79 79
7 33
14 58
28 81
57 94
27 66
74 78
75 70
34 54
35 49
65 44
83 46
79 72
30 47
51 40
21 45
26 35
27 44
74 32
57 38
19 30
15 71
79 81
19 67
68 43
83 57
61 45
52 96
40 48
17 58
12 66
73 78
3 49
26 52
13 73
75 51
79 65
9 34
77 66
48 48
19 62
20 83
20 49
22 64
63 45
83 50
74 50
31 47
74 39
82 80
89 43
44 39
31 37
79 59
86 75
41 4
74 44
18 60
77 74
43 41
26 74
27 92
20 57
53 42
24 58
74 55
17 74
84 62
17 50
48 48
36 89
32 35
77 54
4 41
59 47
39 42
75 74
93 47
81 44
63 93
44 39
61 51
75 72
18 54
77 63
20 53
16 41
13 55
74 61
58 24
60 49
76 18
22 85
21 65
13 42
19 61
76 50
21 15
76 68
19 20
60 91
35 45
21 70
16 54
68 36
43 94
70 43
77 53
85 46
26 60
12 34
91 33
47 49
15 81
60 95
6 38
61 47
25 80
67 7
67 50
31 54
83 56
79 57
53 96
82 44
15 41
72 37
41 35
27 85
84 36
72 72
16 28
78 84
29 50
38 19
23 34
41 26
20 42
14 37
23 56
28 81
90 43
30 85
41 36
23 58
29 46
26 47
59 18
15 79
22 82
54 94
40 39
56 48
26 76
22 44
91 64
89 31
67 34
45 40
66 55
12 72
81 41
73 32
77 56
26 10
42 42
33 88
80 41
18 28
22 37
59 40
34 89
71 65
68 90
87 40
78 63
18 65
21 54
66 32
69 45
67 57
83 29
84 34
63 44
57 21
25 87
10 34
81 28
39 24
53 96
61 42
63 34
70 52
20 42
84 60
23 75
29 40
14 59
39 32
75 52
41 96
21 75
60 44
32 55
82 49
18 32
53 94
11 54
79 78
62 90
13 29
71 68
51 43
84 26
27 42
93 42
24 85
15 50
55 44
64 36
40 27
29 57
62 5
74 44
57 46
79 73
71 64
11 29
32 40
17 70
78 80
34 38
69 92
26 85
18 74
38 91
66 55
74 71
68 36
14 26
77 36
72 54
51 37
73 34
18 49
24 68
39 23
52 40
16 45
74 87
25 32
11 78
32 48
77 19
7 70
68 39
21 77
82 39
16 66
18 39
80 52
3 51
64 54
19 44
26 60
24 68
21 61
65 46
31 90
51 37
8 36
38 90
21 86
15 44
24 76
77 28
10 29
16 64
30 52
16 43
15 24
41 44
76 30
58 44
75 85
30 35
23 71
41 35
80 30
68 41
16 71
77 24
49 4
77 41
27 40
53 96
49 94
65 85
70 76
30 50
15 55
47 96
56 41
71 64
90 37
90 34
69 45
77 85
52 41
83 48
81 77
85 28
14 79
76 34
66 85
23 40
19 46
3 49
67 47
93 39
24 70
16 69
80 68
73 39
79 64
12 41
69 60
46 47
36 90
70 72
63 34
75 64
28 79
11 37
22 34
27 54
55 48
16 82
48 39
69 88
37 28
74 83
82 65
24 49
49 38
82 68
65 43
29 89
82 28
32 34
71 69
59 23
55 37
77 76
52 48
46 46
76 66
83 24
9 45
68 8
40 48
13 44
84 65
85 74
48 93
75 59
43 45
75 80
71 70
36 44
77 36
69 81
75 59
20 45
60 37
81 68
76 81
18 38
63 44
70 75
82 74
58 21
22 51
23 12
80 43
62 45
61 93
39 22
92 37
53 41
21 31
72 85
82 53
33 38
