0.279606 1000 507.416 -739.175 154.401
0.410153 846.847 1000 -178.492 -448.967
0.294577 665.016 1000 -175.804 -361.759
0.857257 822.365 0 105.974 769.662
0.87277 60.7797 1000 40.1371 -269.004
0.968609 1000 460.666 -431.093 -89.3073
0.594644 484.861 0 -63.1362 769.597
0.92827 936.55 1000 7.63447 -642.967
0.755416 641.785 0 415.035 842.032
0.353589 884.631 0 9.82023 905.441
0.116454 143.165 1000 118.169 -814.726
0.429569 994.499 0 -140.102 523.88
0.874272 0 706.851 634.541 -126.099
0.882353 490.773 0 46.0034 334.325
